                    10                    963                    941                      2 2.7553879880918452e-13 4.4119396008601468e-15     1.0233793836344314
                    20                   1853                   1272                      2 3.7238454821066311e-13 3.2111304446141333e-14     1.4567610062893082
                    30                   2800                   1601                      2 1.7626755160798003e-13 3.6043970846312807e-14     1.7489069331667708
                    40                   3976                   2023                      2 1.3571920122431442e-13 7.1313226107950769e-14     1.9653979238754324
                    50                   4709                   2448                      2 1.1372134858440379e-13 6.2029769864474207e-14     1.9236111111111112
                    60                   5586                   2848                      2 9.6036259069597637e-14 4.7283912210408891e-14      1.961376404494382
                    70                   6653                   3158                      2 9.0735188073483323e-14 1.5825207163561456e-13     2.1067131095630147
                    80                   7615                   3583                      2  9.878686733270883e-14  1.922870342708214e-13     2.1253139826960648
                    90                   8446                   3976                      2 1.0456490681365656e-13 8.1634013388534322e-14     2.1242454728370221
                   100                   9480                   4291                      2  1.080590855269534e-13 1.8175615462829212e-13     2.2092752272197624
                   110                  10478                   4501                      2 1.1145597860734948e-13 1.4526573751284466e-13     2.3279271273050433
                   120                  10422                   4809                      2 1.1369967729669297e-13  7.226520712301732e-14     2.1671865252651279
                   130                  11137                   5151                      2 1.1664919364764092e-13 1.1766485346222552e-13     2.1621044457386915
                   140                  12091                   5505                      2 1.1770622117895619e-13 1.8736955992402935e-13     2.1963669391462308
                   150                  12825                   5897                      2 1.1936351172115015e-13 1.0955660136838284e-13     2.1748346616923859
                   160                  13742                   6220                      2 1.1998026672191978e-13 1.3173447632627803e-13     2.2093247588424436
                   170                  15337                   6697                      2 1.2103123154858175e-13 1.0651026212016988e-13     2.2901299089144391
                   180                  15438                   7119                      2 1.2172487174888254e-13 9.3274443317589435e-14     2.1685630004214076
                   190                  17466                   7838                      2 1.2302902384356768e-13 2.2890875911248493e-13     2.2283745853534063
                   200                  17652                   8317                      2 1.2300926380944095e-13  3.356947674577086e-13     2.1223999038114707