                    10                  50913                  46144                      2 2.0944944235563901e-12 1.4206622559699188e-12
                    20                  50913                  39955                      2 3.6498351909327539e-11 1.4169140989383444e-12
                    30                  50913                  40111                      3  8.220938480508919e-11 1.4162223935952447e-12
                    40                  50913                  38084                      3 1.0217043901017433e-10 1.4185735102786869e-12
                    50                  50913                  38469                      3 1.2102085814522722e-10 1.4176432858517599e-12
                    60                  50913                  39078                      3 1.8719978710777429e-10 1.4206384040615362e-12
                    70                  50913                  38878                      3 3.3618865419501193e-10 1.4185905473561032e-12
                    80                  50913                  39570                      3 6.8666906006148921e-10 1.4155852068998771e-12
                    90                  50913                  42952                      4 8.4340179466233426e-10 1.4148798718948444e-12
                   100                  50913                  44268                      4 9.0270297098884292e-10 1.4198206243455562e-12
                   200                  50913                  70086                      7 
                   300                  50913                  106881                    12 
                   400                  50913                  137541                    14
                   500                  50913                  143510                    16
                   600                  50913                  152789                    16