         10         878         503           2 5.44027e-11 3.18423e-15
         20        1707         598           2 5.83541e-11 7.95683e-14
         30        2564         738           2 5.95346e-11  4.4586e-14
         40        3388         892           2 6.01215e-11  1.8276e-13
         50        4239        1035           2 6.04624e-11 5.21965e-14
         60        5085        1182           2  6.0691e-11  3.6404e-13
         70        5915        1337           2 6.08499e-11 1.46301e-13
         80        6796        1587           2  6.0968e-11 2.81524e-13
         90        7632        1680           2 6.10602e-11 2.45267e-13
        100        8482        2080           2 6.11342e-11 1.67101e-13
        110        9299        2006           2 6.11951e-11 2.24215e-13
        120       10182        2084           2 6.12417e-11 3.26591e-13
        130       11046        2299           2 6.12824e-11 3.82593e-13
        140       11895        2416           2 6.13175e-11 3.89369e-13
        150       12730        2555           2 6.13481e-11 7.13077e-13
        160       13579        2934           2 6.13721e-11 2.92954e-13
        170       14440        2923           2 6.13974e-11 4.90305e-13
        180       15289        3043           2 6.14173e-11 4.09767e-13
        190       16148        3152           2 6.14353e-11 4.25843e-13
        200       16999        3292           2 6.14537e-11 1.07368e-14
        210       17855        3448           2 6.14672e-11 4.80222e-13
        220       18698        3600           2 6.14819e-11 5.97736e-13
        230       19486        3713           2 6.14922e-11 3.36966e-13
        240       20277        3865           2 6.15033e-11 7.90609e-13
        250       21223        4067           2 6.15149e-11 7.74826e-13
        260       22060        4180           2 6.15236e-11 1.00369e-13
        270       22894        4345           2 6.15348e-11 5.17561e-13
        280       23752        4495           2 6.15412e-11  7.8803e-13
        290       24607        4646           2 6.15496e-11 3.86053e-13
        300       25467        5288           2 6.15568e-11  3.0418e-14
        310       26327        4963           2 6.15635e-11 6.30358e-13
        320       27210        5100           2   6.157e-11 5.50315e-13
        330       27952        5213           2  6.1575e-11 3.18033e-13
        340       28733        5446           2 6.15816e-11 1.20858e-12
        350       29763        5542           2 6.15869e-11 9.47224e-13
        360       30543        6300           2 6.15904e-11 2.40427e-13
        370       31399        6263           2 6.15969e-11 6.57582e-13
        380       32302        6111           2 6.16012e-11  1.4042e-12
        390       33149        6169           2 6.16042e-11 7.31346e-13
        400       34016        6476           2 6.16081e-11 9.45282e-13
        410       34683        6394           2 6.16135e-11 1.49931e-12
        420       35518        6619           2 6.16172e-11 2.34514e-13
        430       36550        6960           2 6.16188e-11  1.2867e-12
        440       37348        6894           2 6.16231e-11 1.44771e-12
        450       38217        7031           2 6.16256e-11 2.40478e-13
        460       39081        7461           2 6.16313e-11 1.83163e-12
        470       39952        7367           2  6.1633e-11 2.61311e-13
        480       40613        7444           2 6.16358e-11  1.4952e-12
        490       41659        7621           2  6.1638e-11 1.78062e-12
        500       42411        8030           2 6.16398e-11 1.62164e-12