                     1    0.10790679244788401   0.060114671527899746  0.0014258383959096597 5.2306579288411623e-05
                     2   0.054762311778770917 0.00022829638004763988  0.0001463589249618213 0.00022072552163082362
                     3   0.024498690764500189 6.3095950785120219e-06 0.00053489126261017407 0.00084607970603509542
                     4 1.5196393662123665e-08 1.8561143008120998e-05  0.0014331952970614379  0.0028713118415464194
                     5 2.7620844681352042e-08 4.3190311639072619e-05  0.0028509306426410274  0.0069980279412667021
                     6 3.6404900610131406e-08 6.6655850015246047e-05  0.0053265417503107638   0.010825375759177993
                     7 3.6064434799748647e-08 6.7416586127049016e-05  0.0077260928173402271   0.010708038180846062
                     8 2.5840502580517167e-08 4.9921458547063166e-05  0.0071045764555932008  0.0078245079493480599
                     9 1.2032600573250093e-08  3.005539583543916e-05  0.0038508215475319043  0.0049729531306404061
                    10 3.2097151733686225e-09 1.1932750653601251e-05  0.0011277274852627994  0.0020940179208786412
                    11 3.8315096574273982e-10 2.0584306134679815e-06 0.00014704167202512873 0.00037203395245206353
                    12                      0                      0                      0                      0