Np = 10000
Nx = 32

dt_coarse = 1e-2: (T = 0.12)
	dt_fine = 1e-4:
		 1	2	2.1357853982300883
         2  2	2.0382686724729480 
         3  2	1.9935467217346412  
         4  2	1.9045622688039459  
         5  2	2.0217277486910996  
         6  2	1.9741820040899796  
         7  2	1.9438711301283664  
         8  2	1.8887258498410369  
         9  2	1.6811057901610797  
        10  2	1.6891951006124235  

dt_coarse = 0.2: (T = 2.4)
	dt_fine = 0.005:
		 1	11	0.56219611021069693
         2  11   0.5401985594705081
         3  11  0.51076753175041412
         4  11   0.4928076718167288
         5  11  0.46851257808542968
         6  11  0.42179662562699499
         7  11  0.40188269370021723
         8  11   0.3853096362121633
         9  11  0.36628827877507919
        10  11  0.34998108210367007
	
	dt_fine = 0.02:
		 1	11	0.40885264997087944
         2  11  0.32988721804511278
         3  11  0.27400468384074944
         4  11  0.24476987447698745
         5  11  0.22159090909090909
         6  11  0.20259740259740261
         7  11  0.18670212765957447
         8  11  0.17563172379284464
         9  11  0.15310796074154853
        10  11  0.14585497610637857
		
	dt_fine = 0.01:
		 1	11	0.49208911850177589
         2  11  0.49512670565302142
         3  11  0.39543331603528803
         4  11  0.38397581254724111
         5  11  0.35318655851680186
         6  11  0.33911882510013353
         7  11   0.3124231242312423
         8  11   0.2981220657276995
         9  11  0.28332403792526489
        10  11  0.26732152253990527

Np = 10000	
Nx = 16	

dt_coarse = 0.5: (T = 6)
	dt_fine = 0.005:
		 1	12	0.55213135970233762
         2  12  0.54114475979070875
         3  12  0.52779710817289105
         4  12  0.52186544342507646
         5  12  0.42321284642569285
         6  12  0.49242533544943012
         7  12  0.48618233618233619
         8  12   0.4716694306246545
         9  12  0.43003843003843006
        10  12  0.42200927357032458
	
	dt_fine = 0.02:
		 1	12	0.47084086799276675
         2  12  0.47907083716651333
         3  12  0.40368217054263567
         4  12  0.37606066076909189
         5  12  0.35994470364610331
         6  12  0.33073991743410608
         7  12  0.30859259259259259
         8  12  0.29149174363280156
         9  12  0.27732658767141527
        10  12  0.26053783614759224
		
	dt_fine = 0.01:
		 1	12	0.52171326591314693
         2  12   0.4845303867403315
         3  12  0.49695424281059641
         4  12  0.47727891156462587
         5  12  0.41742027605901949
         6  12  0.40433379437528816
         7  12  0.38456478842359132
         8  12  0.35733930936131203
         9  12  0.34895056202128716
        10  12  0.33838140252724991