 1 0.00094738087260120576	0.00010724321652474022
 2  0.0084390838604371347   0.00013066458502020302
 3   0.050381587295923014   8.9417087029822491e-05
 4    0.20856187523777159   4.2648957464411943e-05
 5    0.58209106180121595    2.287360630021566e-05
 6     1.0364928842409793   4.1094326415905922e-06
 7     1.3725468657441884   1.5971792806847473e-06
 8     1.6258249630725428   1.5403823514541986e-07
 9     1.7514762356940847    3.138586151444495e-08
10     1.3499354876503438   1.1953894833256297e-09
11    0.51884793544944663	0
12     0.0844612120581925	0
13                      0	0