  1 3.0734130727406628	 0.025179291560218441	  0.025330875820057504		  0.00068400043844220055		 5.5582857697439653e-06
  2 3.2224632216665698	 0.0010794563289884022    0.0010509211085679478       5.5233181409730734e-06		 1.628563697499523e-10
  3 3.8139058226317855	 4.8948416981579771e-05   4.2976692425503209e-05      4.9915525726240787e-08         2.8115542746589595e-11
  4 4.7554841136558288	 2.2462685590823688e-06   1.9037949630926605e-06      4.7471600827410513e-10			 0
  5 5.6887944749082449	 1.0793092191100501e-07   8.4527948579878674e-08      1.1331111976538864e-11             0
  6 6.6127129359138106	 5.1475541432011248e-09   3.9249442432353765e-09                  0                       0
  7 7.5259685345369638   2.538217863848222e-10    1.8240434254938286e-10                  0                       0
  8 8.4271414179151325   1.236999627643574e-11    8.6799627934756474e-12                  0                       0
  9 9.314678650234077               0                       0                               0                       0
 10 10.186915216957029              0                        0                              0                       0
 11 11.042094361415272              0                         0                            0                       0
 12 2.3503314709673555               0                         0                            0                       0
 13                  0               0                         0                            0                       0
                                                                                          
                                                                                          