
   0.10000000000000001                   4844                   4911                    450
  0.050000000000000003                  12109                  10988                    789
  0.025000000000000001                  19903                  19028                   1189
  0.012500000000000001                  20961                  22461                   2707
 0.0062500000000000003                  22053                  20683                   4429
 0.0031250000000000002                  21341                  21112                   8117
 0.0015625000000000001                  19225                  18964                  15720
0.00078125000000000004                  25448                  25868                  32082
0.00039062500000000002                  42329                  49857                  70910
0.00019531250000000001                  86837                  81539                 128672