
   0.10000000000000001                    400                    400                      3
  0.050000000000000003                    400                    400                      3
  0.025000000000000001     372.52083333333331     372.35416666666669                      2
  0.012500000000000001     186.36458333333334     186.36458333333334                      2
 0.0062500000000000003     93.161458333333329     93.161458333333329               1.796875
 0.0031250000000000002     47.049479166666664     47.049479166666664                      1
 0.0015625000000000001            24.98828125            24.98828125                      1
0.00078125000000000004           14.798828125           14.798828125                      1
0.00039062500000000002     9.9524739583333339     9.9524739583333339                      1
0.00019531250000000001          7.39404296875          7.39404296875                      1