0.063367186433369777
0.063367186433369777
0.063367186433369777
0.063367186433369749
0.063367186433369749
0.063367186433369763
0.063367186433369777
0.063367186433369777
0.063367186433369749
0.063367186433369749
0.063367186433369749
0.063367186433369777
0.063367186433369749
0.063367186433369763
0.063367186433369735
0.063367186433369763
0.063367186433369749
0.063367186433369749
0.063367186433369749
0.063367186433369749
0.063367186433369749
0.063367186433369777
0.063367186433369749
0.063367186433369749
0.063367186433369763
0.063367186433369777
0.063367186433369749
0.063367186433369763
0.063367186433369749
0.063367186433369777
0.063367186433369749
0.063367186433369763
0.063367186433369763
0.063367186433369749
0.063367186433369763
0.063367186433369763
0.063367186433369749
0.063367186433369749
0.063367186433369749
0.063367186433369749
0.063367186433369749
0.063367186433369749
0.063367186433369749
0.063367186433369777
0.063367186433369763
0.063367186433369777
0.063367186433369749
0.063367186433369777
0.063367186433369777
0.063367186433369749
0.063367186433369749
0.063367186433369763
0.063367186433369763
0.063367186433369777
0.063367186433369749
0.063367186433369735
0.063367186433369749
0.063367186433369777
0.063367186433369763
0.063367186433369777
0.063367186433369749
0.063367186433369749
0.063367186433369763
0.063367186433369763
0.063367186433369763
0.063367186433369749
0.063367186433369763
0.063367186433369777
0.063367186433369777
0.063367186433369763
0.063367186433369777
0.063367186433369749
0.063367186433369777
0.063367186433369749
0.063367186433369763
0.063367186433369749
0.063367186433369749
0.063367186433369777
0.063367186433369777
0.063367186433369763
0.063367186433369763
0.063367186433369749
0.063367186433369777
0.063367186433369763
0.063367186433369763
0.063367186433369763
0.063367186433369777
0.063367186433369763
0.063367186433369749
0.063367186433369749
0.063367186433369749
0.063367186433369749
0.063367186433369763
0.063367186433369763
0.063367186433369777
0.063367186433369777
0.063367186433369763
0.063367186433369749
0.063367186433369749
0.063367186433369777
0.063367186433369763
0.063367186433369749
0.063367186433369777
0.063367186433369749
0.063367186433369749
0.063367186433369763
0.063367186433369749
0.063367186433369749
0.063367186433369777
0.063367186433369763
0.063367186433369763
0.063367186433369777
0.063367186433369777
0.063367186433369763
0.063367186433369763
0.063367186433369749
0.063367186433369749
0.063367186433369763
0.063367186433369763
0.063367186433369749
0.063367186433369749