0.25159334734217281
0.25159334734217192
0.25159334734217192
0.25159334734217242
0.25159334734217292
0.25159334734217242
0.25159334734217209
 0.2515933473421722
0.25159334734217198
0.25159334734217331
0.25159334734217353
0.25159334734217276
0.25159334734217237
 0.2515933473421722
0.25159334734217231
0.25159334734217215
0.25159334734217248
0.25159334734217187
0.25159334734217248
0.25159334734217242
0.25159334734217248
0.25159334734217265
0.25159334734217187
0.25159334734217298
0.25159334734217126
0.25159334734217248
0.25159334734217265
0.25159334734217259
 0.2515933473421712
0.25159334734217204
0.25159334734217204
0.25159334734217242
0.25159334734217259
0.25159334734217231
0.25159334734217242
0.25159334734217209
0.25159334734217231
0.25159334734217237
0.25159334734217248
0.25159334734217303
0.25159334734217287
0.25159334734217248
0.25159334734217215
0.25159334734217276
0.25159334734217259
0.25159334734217192
0.25159334734217326
0.25159334734217315
0.25159334734217287
0.25159334734217326
0.25159334734217353
0.25159334734217215
0.25159334734217259
0.25159334734217231
0.25159334734217231